-6.920938659871799306e-03 -1.007197793295620813e-02 9.914998183034664514e-01 0.000000000000000000e+00 0.000000000000000000e+00 0.000000000000000000e+00
6.677157441873241006e-02 1.125104204178158041e+00 1.960016023852995670e-01 0.000000000000000000e+00 0.000000000000000000e+00 0.000000000000000000e+00
7.735626416772756198e-02 6.206867809061874519e-01 -5.333581928835291475e-01 0.000000000000000000e+00 0.000000000000000000e+00 0.000000000000000000e+00
2.582798296914621261e-01 1.412980144128447524e+00 8.350071873069545569e-01 0.000000000000000000e+00 0.000000000000000000e+00 0.000000000000000000e+00
2.130998023604366853e-01 8.588222529318265686e-01 -2.930636327959200149e-01 0.000000000000000000e+00 0.000000000000000000e+00 0.000000000000000000e+00
2.692837363897914726e-01 8.637525876029277239e-01 1.423813378770021787e+00 0.000000000000000000e+00 0.000000000000000000e+00 0.000000000000000000e+00
4.519023601656111944e-01 1.178987201104262361e+00 3.858525307676115290e-02 0.000000000000000000e+00 0.000000000000000000e+00 0.000000000000000000e+00
2.104680314270945540e-01 4.564568679447248423e-01 -6.435826461164932955e-01 0.000000000000000000e+00 0.000000000000000000e+00 0.000000000000000000e+00
1.043678696700800046e+00 1.949893772196620745e+00 8.770438059285406984e-01 0.000000000000000000e+00 0.000000000000000000e+00 0.000000000000000000e+00
4.261467744727113205e-01 6.877757073347470218e-01 -4.170319449641723408e-01 0.000000000000000000e+00 0.000000000000000000e+00 0.000000000000000000e+00
1.656389434896222479e+00 2.329290291230271315e+00 2.805491896936710638e+00 0.000000000000000000e+00 0.000000000000000000e+00 0.000000000000000000e+00
7.617129447668117281e-01 9.382254359519450748e-01 -1.382779980209951909e-01 0.000000000000000000e+00 0.000000000000000000e+00 0.000000000000000000e+00
2.047701782114332569e-01 2.248058639799103420e-01 -7.850614318080343379e-01 0.000000000000000000e+00 0.000000000000000000e+00 0.000000000000000000e+00
1.543068588001789143e+00 1.467754187708158797e+00 5.075407520352259727e-01 0.000000000000000000e+00 0.000000000000000000e+00 0.000000000000000000e+00
5.260832396596017979e-01 4.430145207851181599e-01 -5.128601085873528698e-01 0.000000000000000000e+00 0.000000000000000000e+00 0.000000000000000000e+00
4.314530032433545159e+00 3.164139471446658192e+00 3.653014604267573517e+00 0.000000000000000000e+00 0.000000000000000000e+00 0.000000000000000000e+00
8.484321648278800865e-01 5.423221843623431404e-01 -2.688440188530209496e-01 0.000000000000000000e+00 0.000000000000000000e+00 0.000000000000000000e+00
5.640995669466076778e-01 3.085968708181816567e-01 1.411560390260156339e+00 0.000000000000000000e+00 0.000000000000000000e+00 0.000000000000000000e+00
1.277058005137345464e+00 6.013033138462295923e-01 1.283066261804867159e-01 0.000000000000000000e+00 0.000000000000000000e+00 0.000000000000000000e+00
5.155922457318856678e-01 2.093350064575288660e-01 -6.017224957427919074e-01 0.000000000000000000e+00 0.000000000000000000e+00 0.000000000000000000e+00
1.645019117974536593e+00 5.340009458858019364e-01 8.170600989765064437e-01 0.000000000000000000e+00 0.000000000000000000e+00 0.000000000000000000e+00
7.966751913094688442e-01 2.053278157393442493e-01 -3.579113040729330897e-01 0.000000000000000000e+00 0.000000000000000000e+00 0.000000000000000000e+00
1.078117041594149894e+00 2.015213360075064908e-01 1.290730071111372279e+00 0.000000000000000000e+00 0.000000000000000000e+00 0.000000000000000000e+00
1.024563889449687792e+00 1.288466654198900385e-01 -5.437949573935821346e-02 0.000000000000000000e+00 0.000000000000000000e+00 0.000000000000000000e+00
4.044113601041538497e-01 3.121830802517649647e-02 -7.285176706132537872e-01 0.000000000000000000e+00 0.000000000000000000e+00 0.000000000000000000e+00
1.125872237236962725e+00 2.244592339040899583e-04 3.401407218347588524e-01 0.000000000000000000e+00 0.000000000000000000e+00 0.000000000000000000e+00
6.946344961481396574e-01 -4.288074904214812105e-02 -4.435732205622315294e-01 0.000000000000000000e+00 0.000000000000000000e+00 0.000000000000000000e+00
9.572443256392054733e-01 -1.238373804766302599e-01 7.680533815413661536e-01 0.000000000000000000e+00 0.000000000000000000e+00 0.000000000000000000e+00
8.352124065145108966e-01 -1.591291770007991213e-01 -1.703515514729820046e-01 0.000000000000000000e+00 0.000000000000000000e+00 0.000000000000000000e+00
2.342790685843991194e-01 -7.315835144097168619e-02 1.044464749357494782e+00 0.000000000000000000e+00 0.000000000000000000e+00 0.000000000000000000e+00
8.614403716624604579e-01 -2.793798535878603273e-01 1.364440040051800862e-01 0.000000000000000000e+00 0.000000000000000000e+00 0.000000000000000000e+00
5.668821431515272957e-01 -2.247507668935532776e-01 -5.569370603549509413e-01 0.000000000000000000e+00 0.000000000000000000e+00 0.000000000000000000e+00
7.546237160721610548e-01 -3.579463160892246143e-01 4.659969572007497951e-01 0.000000000000000000e+00 0.000000000000000000e+00 0.000000000000000000e+00
6.717147445467618327e-01 -3.726273058231378554e-01 -2.770852310997049539e-01 0.000000000000000000e+00 0.000000000000000000e+00 0.000000000000000000e+00
4.701126231700488156e-01 -3.107818618364632246e-01 8.163151295059619672e-01 0.000000000000000000e+00 0.000000000000000000e+00 0.000000000000000000e+00
6.634953919910578923e-01 -4.871138230828354065e-01 4.084746381453701301e-03 0.000000000000000000e+00 0.000000000000000000e+00 0.000000000000000000e+00
4.053223394445750749e-01 -3.353202725002510376e-01 -7.321928084143974891e-01 0.000000000000000000e+00 0.000000000000000000e+00 0.000000000000000000e+00
5.675335312161947643e-01 -5.412575427675984097e-01 2.923095645719964164e-01 0.000000000000000000e+00 0.000000000000000000e+00 0.000000000000000000e+00
5.106376611338392379e-01 -5.541758709265357519e-01 -4.085883216576564059e-01 0.000000000000000000e+00 0.000000000000000000e+00 0.000000000000000000e+00
3.956797421461586972e-01 -4.926227541114218678e-01 5.904252042584786642e-01 0.000000000000000000e+00 0.000000000000000000e+00 0.000000000000000000e+00
4.792022459783994437e-01 -6.753083256535459267e-01 -1.161915346086148382e-01 0.000000000000000000e+00 0.000000000000000000e+00 0.000000000000000000e+00
1.559841737164544828e-01 -2.323852872313762474e-01 -9.799419604093968506e-01 0.000000000000000000e+00 0.000000000000000000e+00 0.000000000000000000e+00
3.795497470212262914e-01 -7.088102951996073653e-01 1.694420442384419467e-01 0.000000000000000000e+00 0.000000000000000000e+00 0.000000000000000000e+00
3.316350588236157693e-01 -7.189787639130814645e-01 -6.085910574580963850e-01 0.000000000000000000e+00 0.000000000000000000e+00 0.000000000000000000e+00
2.452273015937264933e-01 -6.399727342598977575e-01 4.447453977188051133e-01 0.000000000000000000e+00 0.000000000000000000e+00 0.000000000000000000e+00
2.767682910649849615e-01 -8.772471620771226108e-01 -2.657974490373406495e-01 0.000000000000000000e+00 0.000000000000000000e+00 0.000000000000000000e+00
9.344779609166205259e-02 -3.956193835213079879e-01 7.547894572822783088e-01 0.000000000000000000e+00 0.000000000000000000e+00 0.000000000000000000e+00
1.639336191475208315e-01 -8.854885038132169761e-01 5.639746808295516972e-02 0.000000000000000000e+00 0.000000000000000000e+00 0.000000000000000000e+00
1.072701908760706757e-01 -8.334367358549445992e-01 -9.429995237707889943e-01 0.000000000000000000e+00 0.000000000000000000e+00 0.000000000000000000e+00
4.695700033513693777e-02 -7.718464297483610403e-01 3.426586161340696712e-01 0.000000000000000000e+00 0.000000000000000000e+00 0.000000000000000000e+00
2.147570762786077045e-03 -1.150961037589252056e+00 -5.219148006204737955e-01 0.000000000000000000e+00 0.000000000000000000e+00 0.000000000000000000e+00
-3.573843537044687352e-02 -5.492354406260240296e-01 6.031919214124159545e-01 0.000000000000000000e+00 0.000000000000000000e+00 0.000000000000000000e+00
-1.340491991560980312e-01 -1.110684884488426283e+00 -8.885316796180653398e-02 0.000000000000000000e+00 0.000000000000000000e+00 0.000000000000000000e+00
-1.086593598903711211e-01 -6.136591863081770626e-01 -1.260454208862002101e+00 0.000000000000000000e+00 0.000000000000000000e+00 0.000000000000000000e+00
-2.218942286624481230e-01 -8.950357455845620036e-01 2.540375505013607871e-01 0.000000000000000000e+00 0.000000000000000000e+00 0.000000000000000000e+00
-5.271276986695369038e-01 -1.680005961532681891e+00 -1.159725384776626456e+00 0.000000000000000000e+00 0.000000000000000000e+00 0.000000000000000000e+00
-2.417449630123919835e-01 -6.263337962714907725e-01 5.088649484843555948e-01 0.000000000000000000e+00 0.000000000000000000e+00 0.000000000000000000e+00
-6.796180098976426498e-01 -1.487797878472189916e+00 -3.694713062118136770e-01 0.000000000000000000e+00 0.000000000000000000e+00 0.000000000000000000e+00
-1.352051334442211095e-01 -2.496473841168770913e-01 8.026502349854993668e-01 0.000000000000000000e+00 0.000000000000000000e+00 0.000000000000000000e+00
-6.123015665533969587e-01 -9.885604439495223605e-01 1.449905636189864344e-01 0.000000000000000000e+00 0.000000000000000000e+00 0.000000000000000000e+00
-1.764827184001979132e+00 -2.481761712918986618e+00 -2.907197287423904264e+00 0.000000000000000000e+00 0.000000000000000000e+00 0.000000000000000000e+00
-5.075213112980534458e-01 -6.260918743260666108e-01 4.279073189170435887e-01 0.000000000000000000e+00 0.000000000000000000e+00 0.000000000000000000e+00
-2.096464115787729288e+00 -2.268145980018700048e+00 -1.193419815370827530e+00 0.000000000000000000e+00 0.000000000000000000e+00 0.000000000000000000e+00
-3.530132576567305280e-01 -3.398180701330114628e-01 6.535190416082734544e-01 0.000000000000000000e+00 0.000000000000000000e+00 0.000000000000000000e+00
-1.108581305339305656e+00 -9.263882280328673557e-01 -3.001109010720796194e-02 0.000000000000000000e+00 0.000000000000000000e+00 0.000000000000000000e+00
-9.524759760009395837e-01 -6.976999866057400634e-01 -1.800442735441941888e+00 0.000000000000000000e+00 0.000000000000000000e+00 0.000000000000000000e+00
-7.870902820989080784e-01 -5.036766712238539556e-01 3.240274495603489568e-01 0.000000000000000000e+00 0.000000000000000000e+00 0.000000000000000000e+00
-2.462870356053756815e+00 -1.360317011780497687e+00 -1.614470658431237160e+00 0.000000000000000000e+00 0.000000000000000000e+00 0.000000000000000000e+00
-5.611331442713359818e-01 -2.689689452565441896e-01 5.524095800733366257e-01 0.000000000000000000e+00 0.000000000000000000e+00 0.000000000000000000e+00
-1.355897071147414312e+00 -5.363136580939997788e-01 -2.416820034338515166e-01 0.000000000000000000e+00 0.000000000000000000e+00 0.000000000000000000e+00
-1.506482438072936358e-01 -4.166370376991900687e-02 -1.091691898567130448e+00 0.000000000000000000e+00 0.000000000000000000e+00 0.000000000000000000e+00
-9.593837923496261189e-01 -2.458148667255553310e-01 1.836032787560870072e-01 0.000000000000000000e+00 0.000000000000000000e+00 0.000000000000000000e+00
-1.345936124121803523e+00 -2.545367668373544889e-01 -1.126787486190397480e+00 0.000000000000000000e+00 0.000000000000000000e+00 0.000000000000000000e+00
-7.117116974764842174e-01 -9.124541553222437207e-02 4.418874344673587862e-01 0.000000000000000000e+00 0.000000000000000000e+00 0.000000000000000000e+00
-1.191795968958551999e+00 -7.481121380048287584e-02 -3.798104108827805026e-01 0.000000000000000000e+00 0.000000000000000000e+00 0.000000000000000000e+00
