-6.920938659871799306e-03 -1.007197793295620813e-02 9.914998183034664514e-01 0.000000000000000000e+00 0.000000000000000000e+00 0.000000000000000000e+00
6.677157441873241006e-02 1.125104204178158041e+00 1.960016023852995670e-01 0.000000000000000000e+00 0.000000000000000000e+00 0.000000000000000000e+00
7.735626416772756198e-02 6.206867809061874519e-01 -5.333581928835291475e-01 0.000000000000000000e+00 0.000000000000000000e+00 0.000000000000000000e+00
2.582798296914621261e-01 1.412980144128447524e+00 8.350071873069545569e-01 0.000000000000000000e+00 0.000000000000000000e+00 0.000000000000000000e+00
2.130998023604366853e-01 8.588222529318265686e-01 -2.930636327959200149e-01 0.000000000000000000e+00 0.000000000000000000e+00 0.000000000000000000e+00
2.692837363897914726e-01 8.637525876029277239e-01 1.423813378770021787e+00 0.000000000000000000e+00 0.000000000000000000e+00 0.000000000000000000e+00
4.519023601656111944e-01 1.178987201104262361e+00 3.858525307676115290e-02 0.000000000000000000e+00 0.000000000000000000e+00 0.000000000000000000e+00
2.104680314270945540e-01 4.564568679447248423e-01 -6.435826461164932955e-01 0.000000000000000000e+00 0.000000000000000000e+00 0.000000000000000000e+00
1.043678696700800046e+00 1.949893772196620745e+00 8.770438059285406984e-01 0.000000000000000000e+00 0.000000000000000000e+00 0.000000000000000000e+00
4.261467744727113205e-01 6.877757073347470218e-01 -4.170319449641723408e-01 0.000000000000000000e+00 0.000000000000000000e+00 0.000000000000000000e+00
1.656389434896222479e+00 2.329290291230271315e+00 2.805491896936710638e+00 0.000000000000000000e+00 0.000000000000000000e+00 0.000000000000000000e+00
7.617129447668117281e-01 9.382254359519450748e-01 -1.382779980209951909e-01 0.000000000000000000e+00 0.000000000000000000e+00 0.000000000000000000e+00
2.047701782114332569e-01 2.248058639799103420e-01 -7.850614318080343379e-01 0.000000000000000000e+00 0.000000000000000000e+00 0.000000000000000000e+00
1.543068588001789143e+00 1.467754187708158797e+00 5.075407520352259727e-01 0.000000000000000000e+00 0.000000000000000000e+00 0.000000000000000000e+00
5.260832396596017979e-01 4.430145207851181599e-01 -5.128601085873528698e-01 0.000000000000000000e+00 0.000000000000000000e+00 0.000000000000000000e+00
4.314530032433545159e+00 3.164139471446658192e+00 3.653014604267573517e+00 0.000000000000000000e+00 0.000000000000000000e+00 0.000000000000000000e+00
8.484321648278800865e-01 5.423221843623431404e-01 -2.688440188530209496e-01 0.000000000000000000e+00 0.000000000000000000e+00 0.000000000000000000e+00
5.640995669466076778e-01 3.085968708181816567e-01 1.411560390260156339e+00 0.000000000000000000e+00 0.000000000000000000e+00 0.000000000000000000e+00
1.277058005137345464e+00 6.013033138462295923e-01 1.283066261804867159e-01 0.000000000000000000e+00 0.000000000000000000e+00 0.000000000000000000e+00
5.155922457318856678e-01 2.093350064575288660e-01 -6.017224957427919074e-01 0.000000000000000000e+00 0.000000000000000000e+00 0.000000000000000000e+00
1.645019117974536593e+00 5.340009458858019364e-01 8.170600989765064437e-01 0.000000000000000000e+00 0.000000000000000000e+00 0.000000000000000000e+00
7.966751913094688442e-01 2.053278157393442493e-01 -3.579113040729330897e-01 0.000000000000000000e+00 0.000000000000000000e+00 0.000000000000000000e+00
1.078117041594149894e+00 2.015213360075064908e-01 1.290730071111372279e+00 0.000000000000000000e+00 0.000000000000000000e+00 0.000000000000000000e+00
1.024563889449687792e+00 1.288466654198900385e-01 -5.437949573935821346e-02 0.000000000000000000e+00 0.000000000000000000e+00 0.000000000000000000e+00
4.044113601041538497e-01 3.121830802517649647e-02 -7.285176706132537872e-01 0.000000000000000000e+00 0.000000000000000000e+00 0.000000000000000000e+00
1.125872237236962725e+00 2.244592339040899583e-04 3.401407218347588524e-01 0.000000000000000000e+00 0.000000000000000000e+00 0.000000000000000000e+00
6.946344961481396574e-01 -4.288074904214812105e-02 -4.435732205622315294e-01 0.000000000000000000e+00 0.000000000000000000e+00 0.000000000000000000e+00
9.572443256392054733e-01 -1.238373804766302599e-01 7.680533815413661536e-01 0.000000000000000000e+00 0.000000000000000000e+00 0.000000000000000000e+00
8.352124065145108966e-01 -1.591291770007991213e-01 -1.703515514729820046e-01 0.000000000000000000e+00 0.000000000000000000e+00 0.000000000000000000e+00
2.342790685843991194e-01 -7.315835144097168619e-02 1.044464749357494782e+00 0.000000000000000000e+00 0.000000000000000000e+00 0.000000000000000000e+00
8.614403716624604579e-01 -2.793798535878603273e-01 1.364440040051800862e-01 0.000000000000000000e+00 0.000000000000000000e+00 0.000000000000000000e+00
5.668821431515272957e-01 -2.247507668935532776e-01 -5.569370603549509413e-01 0.000000000000000000e+00 0.000000000000000000e+00 0.000000000000000000e+00
7.546237160721610548e-01 -3.579463160892246143e-01 4.659969572007497951e-01 0.000000000000000000e+00 0.000000000000000000e+00 0.000000000000000000e+00
6.717147445467618327e-01 -3.726273058231378554e-01 -2.770852310997049539e-01 0.000000000000000000e+00 0.000000000000000000e+00 0.000000000000000000e+00
4.701126231700488156e-01 -3.107818618364632246e-01 8.163151295059619672e-01 0.000000000000000000e+00 0.000000000000000000e+00 0.000000000000000000e+00
6.634953919910578923e-01 -4.871138230828354065e-01 4.084746381453701301e-03 0.000000000000000000e+00 0.000000000000000000e+00 0.000000000000000000e+00
4.053223394445750749e-01 -3.353202725002510376e-01 -7.321928084143974891e-01 0.000000000000000000e+00 0.000000000000000000e+00 0.000000000000000000e+00
5.675335312161947643e-01 -5.412575427675984097e-01 2.923095645719964164e-01 0.000000000000000000e+00 0.000000000000000000e+00 0.000000000000000000e+00
5.106376611338392379e-01 -5.541758709265357519e-01 -4.085883216576564059e-01 0.000000000000000000e+00 0.000000000000000000e+00 0.000000000000000000e+00
3.956797421461586972e-01 -4.926227541114218678e-01 5.904252042584786642e-01 0.000000000000000000e+00 0.000000000000000000e+00 0.000000000000000000e+00
4.792022459783994437e-01 -6.753083256535459267e-01 -1.161915346086148382e-01 0.000000000000000000e+00 0.000000000000000000e+00 0.000000000000000000e+00
1.559841737164544828e-01 -2.323852872313762474e-01 -9.799419604093968506e-01 0.000000000000000000e+00 0.000000000000000000e+00 0.000000000000000000e+00
3.795497470212262914e-01 -7.088102951996073653e-01 1.694420442384419467e-01 0.000000000000000000e+00 0.000000000000000000e+00 0.000000000000000000e+00
3.316350588236157693e-01 -7.189787639130814645e-01 -6.085910574580963850e-01 0.000000000000000000e+00 0.000000000000000000e+00 0.000000000000000000e+00
2.452273015937264933e-01 -6.399727342598977575e-01 4.447453977188051133e-01 0.000000000000000000e+00 0.000000000000000000e+00 0.000000000000000000e+00
2.767682910649849615e-01 -8.772471620771226108e-01 -2.657974490373406495e-01 0.000000000000000000e+00 0.000000000000000000e+00 0.000000000000000000e+00
9.344779609166205259e-02 -3.956193835213079879e-01 7.547894572822783088e-01 0.000000000000000000e+00 0.000000000000000000e+00 0.000000000000000000e+00
1.639336191475208315e-01 -8.854885038132169761e-01 5.639746808295516972e-02 0.000000000000000000e+00 0.000000000000000000e+00 0.000000000000000000e+00
1.072701908760706757e-01 -8.334367358549445992e-01 -9.429995237707889943e-01 0.000000000000000000e+00 0.000000000000000000e+00 0.000000000000000000e+00
4.695700033513693777e-02 -7.718464297483610403e-01 3.426586161340696712e-01 0.000000000000000000e+00 0.000000000000000000e+00 0.000000000000000000e+00
2.147570762786077045e-03 -1.150961037589252056e+00 -5.219148006204737955e-01 0.000000000000000000e+00 0.000000000000000000e+00 0.000000000000000000e+00
-3.573843537044687352e-02 -5.492354406260240296e-01 6.031919214124159545e-01 0.000000000000000000e+00 0.000000000000000000e+00 0.000000000000000000e+00
-1.340491991560980312e-01 -1.110684884488426283e+00 -8.885316796180653398e-02 0.000000000000000000e+00 0.000000000000000000e+00 0.000000000000000000e+00
-1.086593598903711211e-01 -6.136591863081770626e-01 -1.260454208862002101e+00 0.000000000000000000e+00 0.000000000000000000e+00 0.000000000000000000e+00
-2.218942286624481230e-01 -8.950357455845620036e-01 2.540375505013607871e-01 0.000000000000000000e+00 0.000000000000000000e+00 0.000000000000000000e+00
-5.271276986695369038e-01 -1.680005961532681891e+00 -1.159725384776626456e+00 0.000000000000000000e+00 0.000000000000000000e+00 0.000000000000000000e+00
-2.417449630123919835e-01 -6.263337962714907725e-01 5.088649484843555948e-01 0.000000000000000000e+00 0.000000000000000000e+00 0.000000000000000000e+00
-6.796180098976426498e-01 -1.487797878472189916e+00 -3.694713062118136770e-01 0.000000000000000000e+00 0.000000000000000000e+00 0.000000000000000000e+00
-1.352051334442211095e-01 -2.496473841168770913e-01 8.026502349854993668e-01 0.000000000000000000e+00 0.000000000000000000e+00 0.000000000000000000e+00
-6.123015665533969587e-01 -9.885604439495223605e-01 1.449905636189864344e-01 0.000000000000000000e+00 0.000000000000000000e+00 0.000000000000000000e+00
-1.764827184001979132e+00 -2.481761712918986618e+00 -2.907197287423904264e+00 0.000000000000000000e+00 0.000000000000000000e+00 0.000000000000000000e+00
-5.075213112980534458e-01 -6.260918743260666108e-01 4.279073189170435887e-01 0.000000000000000000e+00 0.000000000000000000e+00 0.000000000000000000e+00
-2.096464115787729288e+00 -2.268145980018700048e+00 -1.193419815370827530e+00 0.000000000000000000e+00 0.000000000000000000e+00 0.000000000000000000e+00
-3.530132576567305280e-01 -3.398180701330114628e-01 6.535190416082734544e-01 0.000000000000000000e+00 0.000000000000000000e+00 0.000000000000000000e+00
-1.108581305339305656e+00 -9.263882280328673557e-01 -3.001109010720796194e-02 0.000000000000000000e+00 0.000000000000000000e+00 0.000000000000000000e+00
-9.524759760009395837e-01 -6.976999866057400634e-01 -1.800442735441941888e+00 0.000000000000000000e+00 0.000000000000000000e+00 0.000000000000000000e+00
-7.870902820989080784e-01 -5.036766712238539556e-01 3.240274495603489568e-01 0.000000000000000000e+00 0.000000000000000000e+00 0.000000000000000000e+00
-2.462870356053756815e+00 -1.360317011780497687e+00 -1.614470658431237160e+00 0.000000000000000000e+00 0.000000000000000000e+00 0.000000000000000000e+00
-5.611331442713359818e-01 -2.689689452565441896e-01 5.524095800733366257e-01 0.000000000000000000e+00 0.000000000000000000e+00 0.000000000000000000e+00
-1.355897071147414312e+00 -5.363136580939997788e-01 -2.416820034338515166e-01 0.000000000000000000e+00 0.000000000000000000e+00 0.000000000000000000e+00
-1.506482438072936358e-01 -4.166370376991900687e-02 -1.091691898567130448e+00 0.000000000000000000e+00 0.000000000000000000e+00 0.000000000000000000e+00
-9.593837923496261189e-01 -2.458148667255553310e-01 1.836032787560870072e-01 0.000000000000000000e+00 0.000000000000000000e+00 0.000000000000000000e+00
-1.345936124121803523e+00 -2.545367668373544889e-01 -1.126787486190397480e+00 0.000000000000000000e+00 0.000000000000000000e+00 0.000000000000000000e+00
-7.117116974764842174e-01 -9.124541553222437207e-02 4.418874344673587862e-01 0.000000000000000000e+00 0.000000000000000000e+00 0.000000000000000000e+00
-1.191795968958551999e+00 -7.481121380048287584e-02 -3.798104108827805026e-01 0.000000000000000000e+00 0.000000000000000000e+00 0.000000000000000000e+00
-4.259440413024173644e-01 -5.231276903397497416e-03 7.156752347159115457e-01 0.000000000000000000e+00 0.000000000000000000e+00 0.000000000000000000e+00
-9.517827257540204533e-01 5.949052109348553635e-02 3.654926242671596714e-02 0.000000000000000000e+00 0.000000000000000000e+00 0.000000000000000000e+00
-7.834677822712616813e-01 1.058004654034727376e-01 -9.767219619464533320e-01 0.000000000000000000e+00 0.000000000000000000e+00 0.000000000000000000e+00
-7.564695789320885488e-01 1.443796051087586629e-01 3.195371905116569100e-01 0.000000000000000000e+00 0.000000000000000000e+00 0.000000000000000000e+00
-9.110604202670335994e-01 2.344285154487651679e-01 -4.643767457372543483e-01 0.000000000000000000e+00 0.000000000000000000e+00 0.000000000000000000e+00
-5.473774185109041568e-01 1.770132627018238258e-01 5.935628133975602294e-01 0.000000000000000000e+00 0.000000000000000000e+00 0.000000000000000000e+00
-8.171771987431653006e-01 3.236274205479366950e-01 -9.210228178441538793e-02 0.000000000000000000e+00 0.000000000000000000e+00 0.000000000000000000e+00
-3.569431845419825944e-01 1.820532521940828319e-01 -9.718160030636529001e-01 0.000000000000000000e+00 0.000000000000000000e+00 0.000000000000000000e+00
-6.950243160091925665e-01 3.851931688778536533e-01 1.984222803478733754e-01 0.000000000000000000e+00 0.000000000000000000e+00 0.000000000000000000e+00
-6.345122340932435323e-01 4.090339645328978646e-01 -5.408261568909783490e-01 0.000000000000000000e+00 0.000000000000000000e+00 0.000000000000000000e+00
-5.518806590973475146e-01 4.058932369226956882e-01 4.855775673337369147e-01 0.000000000000000000e+00 0.000000000000000000e+00 0.000000000000000000e+00
-6.207491569539720366e-01 5.199038844623767863e-01 -2.059314119812047650e-01 0.000000000000000000e+00 0.000000000000000000e+00 0.000000000000000000e+00
-2.767170861385994107e-01 2.536610408726342469e-01 8.767423651381294203e-01 0.000000000000000000e+00 0.000000000000000000e+00 0.000000000000000000e+00
-5.528234566204867084e-01 5.998933746580376036e-01 8.212617137522661148e-02 0.000000000000000000e+00 0.000000000000000000e+00 0.000000000000000000e+00
-3.785938597728595867e-01 4.725980979171194307e-01 -6.287228163660448788e-01 0.000000000000000000e+00 0.000000000000000000e+00 0.000000000000000000e+00
-4.585945295280338119e-01 6.456929370228223775e-01 3.858023361754633895e-01 0.000000000000000000e+00 0.000000000000000000e+00 0.000000000000000000e+00
-3.968644969486745389e-01 6.410771574113429683e-01 -3.160806636517477508e-01 0.000000000000000000e+00 0.000000000000000000e+00 0.000000000000000000e+00
-3.095312058456493043e-01 5.673499122551884932e-01 7.795318463132296927e-01 0.000000000000000000e+00 0.000000000000000000e+00 0.000000000000000000e+00
-3.514023695323740260e-01 7.682826744959102561e-01 -3.595512495733097641e-02 0.000000000000000000e+00 0.000000000000000000e+00 0.000000000000000000e+00
-1.534488511385652398e-01 4.125643207724388195e-01 -7.420624903484922541e-01 0.000000000000000000e+00 0.000000000000000000e+00 0.000000000000000000e+00
-2.769559432551813583e-01 8.776337713059746415e-01 2.864845547045392626e-01 0.000000000000000000e+00 0.000000000000000000e+00 0.000000000000000000e+00
-1.674871058754172914e-01 6.758912825325962270e-01 -4.288313445828065840e-01 0.000000000000000000e+00 0.000000000000000000e+00 0.000000000000000000e+00
-1.701521931751223682e-01 9.019293720018506377e-01 7.373463100300836626e-01 0.000000000000000000e+00 0.000000000000000000e+00 0.000000000000000000e+00
-1.060655336009522220e-01 8.638690757265937714e-01 -1.637031867301076415e-01 0.000000000000000000e+00 0.000000000000000000e+00 0.000000000000000000e+00
-1.940732257564852653e-02 1.875073507670161066e-01 1.067863887989838556e+00 0.000000000000000000e+00 0.000000000000000000e+00 0.000000000000000000e+00
2.607066948506690796e-02 -1.375116395285929695e-02 -4.615000545016333111e-02 3.678307842247093701e-02 1.139714802794341980e-01 5.636331182177609644e-01
2.121696553731024573e-02 7.227557081037855324e-01 1.484815201201867829e-01 -2.957202243856431600e-01 2.959632639944145827e-01 -1.363745176412587690e-01
4.918509979047454989e-02 5.873452210291040254e-01 -4.481790476705443393e-01 1.324506342935695413e-02 -2.975462503710860421e-02 2.530933494334901557e-01
5.117562251481740793e-03 3.535205363207705176e-01 2.919442974945533620e-01 2.263230866290428800e-01 -1.624372265967110873e-01 -4.702669819133095119e-01
3.190423434252886298e-02 2.450503635883874709e-01 -1.486885906043128036e-01 -3.139169485050711250e-01 -4.364214169800939569e-01 -7.402654092798528762e-02
-3.093363751089683519e-03 3.358256503956968952e-01 5.933549962074876616e-01 -1.548806789375933857e-01 4.026615439909533301e-01 2.402484233365378141e-01
1.102312892607592160e-01 7.137337469457520900e-01 4.080085284967426007e-02 1.446463089757050458e-01 7.546494437474222938e-02 -4.119911898193837629e-01
1.039069296923613023e-01 2.978910340261357592e-01 -4.045936585645726891e-01 4.154018762097730910e-01 -1.707208742149133318e-01 3.798284175989129381e-03
1.204800062618927442e-01 3.976295246337405165e-01 1.373628460351877800e-01 -2.923184998247661537e-01 -3.450762252386395113e-01 3.235218000924148241e-01
1.266785747382884741e-01 4.660402704500033466e-01 -2.180305282072840800e-01 -4.850761229799631369e-02 3.828223547243612690e-01 -2.596859493982307532e-01
1.844999258715312174e-01 7.609946609465031431e-01 9.252811061977347373e-01 3.705660821600597066e-01 2.102051149372515249e-01 -2.188819184185105196e-02
1.259036167785206883e-01 2.828063913852940092e-01 -3.942451848081938298e-02 4.064813125808156014e-01 -8.608714489270237469e-02 3.670574532186167693e-01
7.690905757051828828e-02 1.303311703052046910e-01 -4.485764925958615756e-01 -2.537561731065771653e-01 -3.473127234758809911e-01 -2.143855532306815914e-01
1.415142893355279263e-01 4.185517770623526368e-01 1.079245322280062563e-01 3.988966830705076815e-03 5.437593176028572284e-01 9.263911103513852718e-02
1.411280115435544491e-01 2.344505652855331523e-01 -2.250866227534954467e-01 1.459256459119425420e-01 1.655626675953802140e-01 4.750037840519867882e-01
7.867260666580676298e-02 2.173821557891261469e-01 1.789354530991978387e-01 -5.462670906128822557e-01 -2.074326131663251777e-02 -1.713674271845312125e-01
3.267004651523510717e-01 5.975748205663358181e-01 -1.804146749928872973e-01 -2.302863182867528336e-01 -2.907789884803612113e-01 1.994527562371865292e-01
2.019582446383422769e-01 5.165728000033675826e-03 2.294690544998437554e-01 2.022368957518132573e-02 3.473340354988996292e-01 -4.442042134426349431e-01
2.823334116229520019e-01 5.421627470912561142e-01 6.992462411600014471e-02 4.003221903566832607e-01 3.086924599557033244e-01 -1.477999960960060255e-01
1.638236089856154876e-01 2.381132847730664248e-01 -3.320824997867052875e-01 -4.406339199527099515e-01 -1.153057899941650928e-02 2.072388753082772261e-01
2.325114036535858020e-01 4.131945104845299865e-01 2.967232117979192729e-01 -1.421940037494287545e-01 -1.779295724304779946e-01 -5.225572521261019343e-01
2.533666162209206041e-01 2.740312713499030717e-01 -1.954751256568544870e-01 1.005461381537352261e-01 -4.976130694318386394e-01 -7.223578215840799344e-02
1.169098874733274646e-01 1.868451129901465557e-01 3.450089139183871723e-01 3.915869373464304637e-01 3.266926073121446117e-01 2.441494676784662643e-01
3.377602360917872359e-01 4.092114390865950746e-01 -5.922040227153972658e-03 -3.964107323748778389e-01 5.732218483372121531e-02 -3.516337116923176076e-01
2.723515289785815585e-01 2.437057351902870150e-01 -6.573038817244641896e-01 -1.096103310168070610e-01 -2.017809990289156363e-01 -3.347120321409265825e-02
3.759600115560725042e-01 3.444564024166514304e-01 1.510989547807856936e-01 1.638952261226006846e-01 -3.990748981342518431e-01 3.638505664878056156e-01
1.288617004122538379e-01 1.673365224348908331e-01 -1.039230746613350048e-01 4.047927018546216282e-01 3.190978617290567421e-01 -2.147346061764509040e-01
5.543761334448600309e-01 5.697319095482186180e-01 7.272477378979093077e-01 -5.339572121361181312e-01 1.974590745673439895e-01 -8.813145545088465344e-03
5.089659951114638980e-01 4.114120585774611039e-01 -1.095437011983559916e-01 1.549397730102279299e-03 -1.109032060533729352e-01 4.587523934390602132e-01
4.764920395250222401e-02 1.069820100901154036e-01 5.692720960397201768e-01 2.736440504038961108e-01 -3.100188907194820209e-01 -2.842300651035999937e-01
1.722131375964260080e-01 1.660525560860894867e-01 4.973777560973394185e-02 -3.527015118469863930e-01 4.454262116821564033e-01 7.595558538648136682e-02
1.960602449880502751e-01 1.141497007923842066e-01 -2.448433724556291491e-01 -9.179223383247450685e-02 1.702607477808308067e-01 4.908379599680416372e-01
1.330648012994948948e+00 9.698760621871539422e-01 1.105464820516189439e+00 2.494430564579318277e-01 -4.148226050350964367e-02 -4.859863029347058494e-01
4.695943465465575728e-01 2.553501100135881496e-01 -1.594458761323203355e-01 3.428456677044534051e-01 -2.988751749574072858e-01 1.555286483923757068e-01
2.216182125671226355e-01 -4.507364327801426443e-03 2.033249519982378850e-01 -1.917419333611306564e-01 3.664104816139781562e-01 -3.827986085198365473e-01
7.996466283328932390e-01 4.465039223881757668e-01 2.971691862981514203e-03 -1.981805946479252012e-01 3.369649213183099623e-01 -1.454607607797199498e-01
4.087660912170656968e-01 1.173427420099217439e-01 -5.584555718423032111e-01 1.727542259322947804e-01 5.412141077497606423e-02 2.331710484278334272e-01
2.914390884567888973e-01 1.348016887638543715e-01 1.661864593490731123e-01 3.681962490853835090e-01 -1.929756490380276635e-01 -3.919912895123199847e-01
2.588394059735090735e-01 5.254003222560336278e-02 -1.793012619259037876e-01 -1.596277749773455934e-01 -5.019885800810161003e-01 -8.839454300105901996e-02
4.907617125874499386e-01 1.947683485239464218e-01 5.728816462659593878e-01 -3.205509942803603379e-02 4.116293895927232160e-01 3.511592412611767022e-01
6.550915057523668539e-01 2.371254824275016715e-01 -1.276809198130300915e-01 2.676341855704972850e-01 2.815527829676894508e-02 -3.278626135322211255e-01
7.574695225622632422e-02 -2.104409694662954730e-02 -2.452090849842545328e-01 5.322594805952931551e-01 -1.416734302911321630e-01 5.344729473513224610e-02
4.707843004568290635e-01 9.662034397422918086e-02 1.235891105225243869e-01 -1.693003073819393245e-01 -3.702582510014545969e-01 3.521853016763051847e-01
4.478296584902283217e-01 1.081227111997081769e-01 -3.794414532636294912e-01 2.915816842148249988e-02 3.355288719066278902e-01 -2.167655981082949879e-01
6.531765433956084888e-01 1.345654783392850329e-01 5.126400832240778360e-01 4.823042935523093044e-01 1.544062028076390314e-01 7.023700050307654652e-02
3.105866653056491566e-01 4.362506615633453266e-02 -9.931999250418918623e-02 -3.741614737722742667e-01 -7.844013245227093867e-02 3.793364315177950585e-01
2.249826253729775849e-01 8.110038618848315617e-02 6.189061842463422503e-01 -1.721928300703867432e-01 -3.882200267231643576e-01 -2.746804492883947457e-01
4.980890991587698657e-01 6.884090516545701699e-02 3.067800124315625543e-02 8.725362756714577506e-02 4.885085245049783920e-01 1.404123700848514955e-01
1.389359342702617683e-01 1.016947521935624398e-02 -1.379213092923893269e-01 1.506319627228549785e-01 3.206437590962600559e-02 -5.389078014644983483e-01
5.255359590051545959e-01 2.552266310203591543e-02 2.329852265571496495e-01 -5.013073639739263898e-01 -5.243553657899754916e-02 -1.271539130371693305e-01
6.498454114389583536e-01 -2.063020649443837382e-02 -2.271570327190114147e-01 -1.045130106062570480e-01 -2.956941014481656027e-01 1.573361595671580460e-01
3.050494027269088360e-01 -6.269043785578139183e-02 2.933410040215707060e-01 7.389984210756078697e-02 3.871714149818257233e-01 -3.664456730966176856e-01
3.813645686186588057e-01 -3.254205367481777245e-02 -4.401701697204471464e-02 4.843200922505563333e-01 1.930335282331901436e-01 -5.265100695590147623e-02
2.269541637394759670e-01 -6.596976231764678511e-02 -5.418596941570619219e-01 -3.485759146452353519e-01 2.780397696611481423e-02 2.459607766115132765e-01
5.518426921333421387e-01 -8.875412614597680272e-02 1.318181596224459740e-01 -1.887207728318940000e-02 -2.611192072874804482e-01 -3.986072839604081763e-01
2.322695887148084060e-01 -5.245399281146989612e-02 -1.536776603420469123e-01 1.092229118021836864e-01 -5.221188881252644132e-01 -9.354527014739476287e-02
9.740616196030386920e-02 -6.227356797044371773e-04 5.111959651191704673e-02 -4.638145675558673076e-01 2.120786181764573730e-01 2.661336944588246767e-01
6.117845353735248404e-01 -1.372773391664347808e-01 -1.715291605487841431e-01 -2.682740906014523530e-01 -9.948179548607175016e-03 -2.555168131575036861e-01
2.619143274462141791e-01 4.874880114370197526e-02 1.024879034697353308e+00 1.050231090441423876e-01 -2.404989933216251652e-01 3.265314098156395228e-02
4.073263323474072828e-01 -7.814905028389977637e-02 9.730236018453418401e-02 2.054252669852779933e-01 -3.405544683839471509e-01 3.387118427696578782e-01
2.199228332043909329e-01 -7.317030522532062820e-02 -2.557095270850668345e-01 -3.941408620184235212e-01 2.828949873038757445e-01 -2.009519614269475174e-01
7.308382359702517705e-01 -2.730999146773000485e-01 3.800189210910548954e-01 -2.312630595916990439e-01 6.964746492075662987e-02 1.241434329965686312e-01
4.226418571901927601e-01 -1.667348447397447031e-01 -1.359127311663298754e-01 1.026346190897090421e-01 9.202625166242385177e-03 4.611562555665725816e-01
1.949810763939396341e-01 -8.560053814167897790e-02 3.143405144507012694e-01 3.425053939603679432e-01 -3.741549387770302104e-01 -1.840576259234757428e-01
3.643849911970089006e-01 -1.562013979411841780e-01 -2.062623660841934187e-02 -2.883474341358591153e-01 3.950842930285864973e-01 1.454650549751956845e-01
1.903184908713014267e-01 -1.099540210071557611e-01 -3.989514584417389598e-01 -8.152723192917310513e-02 7.485978708957341521e-02 -4.840065018482493930e-01
6.412806649016506988e-01 -3.622963349318964466e-01 2.212679793346287449e-01 2.391842362724764803e-01 -1.129765468379565485e-01 -9.664233577341810322e-02
2.570261396083625693e-01 -1.370243204892713784e-01 -1.546704778059078411e-01 4.429678911179042999e-01 -2.361331454786803064e-01 1.648444992044770796e-01
2.704607210467061540e-01 -1.478158401034574965e-01 2.532280269964139463e-01 -1.340560340838518605e-01 3.788672561217987789e-01 -3.403045354522996613e-01
6.310469433160057484e-01 -4.346556964240304577e-01 -1.770392618302616128e-01 -9.354118780570176012e-03 1.551202678622847497e-01 1.262213112490885190e-03
6.949083369434087831e-02 -1.419541704045430008e-01 -6.641110726746894954e-01 3.114958755373374300e-01 3.637891272380883861e-02 3.039607397945114364e-01
1.671360447506872460e-01 -1.350329450015132771e-01 1.785491024112410841e-02 -4.268113935121693459e-01 -2.208177725261802060e-01 -2.820944352693602331e-01
1.055259858307042720e-01 -1.201908654104416468e-01 -1.246537444357728869e-01 -4.986743954197918327e-02 -5.543127504373944747e-01 -7.911274297628487218e-02
3.294916481538642250e-01 -3.090779546329011085e-01 2.438506591204304130e-01 9.311945375721830676e-02 2.138830618263140582e-01 3.984681607233502287e-01
3.702157034153783499e-01 -3.651808499841899258e-01 -2.061004570280218773e-01 3.716996631429906883e-01 7.319195327751470623e-03 -2.130961284771012154e-01
1.705697804803023854e-01 -1.554932884273921567e-01 3.639298155640862675e-01 -4.616826211690719939e-01 -2.121953376290877935e-01 7.898120763863615557e-02
3.237775265374006617e-01 -2.910830366135923608e-01 7.622536689874950810e-02 -1.195176892586835848e-01 -3.441322386340078254e-01 3.239033031042760080e-01
2.529232216037204939e-01 -3.318792125030652906e-01 -6.063266102679788494e-01 1.556993253574241176e-01 2.970871498416354228e-01 -1.680060208467749616e-01
2.549877276092126777e-01 -3.275952047233441911e-01 1.568650903681898523e-01 4.599179717075517204e-01 7.764468890198257534e-02 1.359827605555493091e-01
1.966521687787418093e-01 -2.382180261182789416e-01 -1.572127841981183216e-01 -1.966612267367286448e-01 1.551702559858117274e-02 4.908508195497957027e-01
2.017548059831176799e-01 -3.141931262247258938e-01 3.044654452631030961e-01 -5.005035407786609380e-02 -4.476414686529398002e-01 -1.432842706808762079e-01
2.811011196150196012e-01 -4.069262747064078534e-01 -8.559616042242784717e-02 2.034624434876541599e-01 3.298571998376383374e-01 2.541921641732500237e-01
3.190927887296801657e-02 -9.101632782274532429e-02 -1.950205944836699568e-01 3.985669267256937709e-01 1.188378449277572996e-01 -3.839937216312534485e-01
3.258091117366310741e-01 -5.535537278472932865e-01 1.061184264711670100e-01 -3.134936561051213655e-01 -1.566277433191252677e-01 -3.272744416882504559e-02
3.109904812702533605e-01 -5.375806800525647633e-01 -3.961060426071985607e-01 -3.963240810071338299e-02 -3.082981008693650993e-01 1.733088459091924882e-01
1.945806929192056278e-01 -2.622993071375575025e-01 2.473723411754335244e-01 1.479009199411923103e-01 3.560518223253715253e-01 -3.257870021257310289e-01
1.446558378644385301e-01 -3.214817679717855703e-01 -1.192297163253974307e-01 -5.122191216811358139e-01 1.255590279284688193e-01 -2.371098781579310949e-02
8.679601526522320865e-02 -2.073333208310774167e-01 6.310289162213279512e-01 -2.039374958643329350e-01 -5.059651817632569715e-02 3.290248682149130577e-01
1.989781836148066252e-01 -5.263256462567083016e-01 4.750541694011446714e-02 5.987063262212496267e-02 -3.040298408831781929e-01 -3.015505611147953346e-01
5.447658504023170090e-02 -9.119840056333602951e-02 -1.266665206857147674e-01 1.392475003236401110e-01 5.497795126867195403e-01 4.970531959084617535e-02
9.517459962169577681e-02 -3.595124750444163575e-01 1.392761533935083507e-01 -3.034613567684244506e-01 1.809682318789167521e-01 3.636607496969332387e-01
2.100417465461632827e-01 -7.699680550601777362e-01 -3.708211101280720623e-01 -1.663244387425143467e-01 -2.684992281741217356e-03 -2.506108132156720236e-01
9.966257942397610536e-02 -4.240963641034193321e-01 5.405326010689409655e-01 1.996440492090668650e-01 -2.302502261334133660e-01 8.520922732295882485e-02
4.164502151303267619e-02 -1.976947328966334461e-01 2.457795014934201910e-02 2.725942440589494420e-01 -3.171389305804960812e-01 3.749914915263339310e-01
3.070427071704678532e-02 -3.032860056280679006e-01 -5.726408113673872036e-01 -3.442394184765991128e-01 3.030534206883743753e-01 -1.778671216162888979e-01
9.617679396655148816e-02 -7.873618000410306239e-01 2.213274672526107656e-01 -6.702024662273840805e-02 6.992234267851805962e-02 1.471720869954737942e-01
1.918355611753299814e-02 -2.566394885831405626e-01 -1.030141655386691835e-01 9.232680797862721778e-02 -1.164573716783026264e-01 -5.405042817615047790e-01
2.705934765941258452e-02 -1.326877089990979031e-01 9.162660716697469676e-02 3.993139309559080585e-01 -3.850926640411574953e-01 -1.106851257162393687e-01
1.242062484226214882e-02 -5.651091304402794391e-01 -1.283806812178781565e-01 -2.318845187574770372e-01 3.625035512166465690e-01 2.397314843425327469e-01
1.008721450683798260e-01 -8.396792020735395490e-02 5.609947383596955994e-01 6.115828763280747177e-02 5.532426967732027162e-02 -4.649978230588515116e-01
-2.992049046234107959e-02 -6.756888464426562546e-01 1.009682134148390670e-01 3.807677225428808820e-01 -7.571012769854744417e-02 -9.862276375631827408e-02
-3.173156604265865970e-03 -2.662947686406656467e-01 -2.380378883514148447e-01 -4.306060641870865235e-01 -2.968048314633037754e-01 1.973655579582819231e-01
4.056923986034452478e-02 -3.834460800440771533e-01 2.060894500891037318e-01 -9.804080149875309125e-02 3.687416406059945140e-01 -3.086982209080723072e-01
-1.113595979423219473e-01 -1.050022457895616323e+00 -4.085935307761203172e-01 1.878718191557176842e-01 2.578541328408622824e-01 -3.747334705012906469e-02
-3.016634765311855190e-02 -2.284026158642859794e-01 3.718134796553750898e-01 3.817307825280753519e-01 -1.306808498442132635e-03 3.067394797473875778e-01
-4.245609956919396688e-02 -4.429364876989294042e-01 1.074051489281528833e-03 -3.371802837439353828e-01 -3.100574964001105438e-01 -2.521963708583734864e-01
-4.581485616932625543e-02 -1.872090793176781343e-01 -3.073494394859174195e-01 -8.583750222259983742e-02 5.527275947705291292e-01 5.761713344217629651e-02
-9.244176195540285135e-02 -4.319993093002197360e-01 1.744962258161580626e-01 1.542384085360309631e-01 2.154292725774771267e-01 4.132014036164468607e-01
-9.530140524615988984e-02 -3.909295341247776556e-01 -2.044164019047633452e-01 5.270942845390846898e-01 3.322741893630114240e-02 -1.790326327106181725e-01
-1.232445753027802127e-01 -4.161374841734049035e-01 3.604023040129388789e-01 -3.283282102518046419e-01 -2.448343570576974049e-01 1.086475503381776619e-01
-1.564697078384683082e-01 -2.745083049104432571e-01 -3.894531290612249230e-02 -2.427569416580066877e-02 -3.615918942912457745e-01 4.337312798897607902e-01
-4.689590032574116052e-02 -2.640432199154556514e-01 -7.167088823979772538e-01 2.946698438120518015e-01 3.145417800537540498e-01 -1.754471996271916023e-01
-7.526965131250319685e-02 -2.009541704462056710e-01 2.279794435622471346e-02 -5.520365488289282752e-01 1.118430924841327077e-02 1.260320722100915780e-01
-1.408842351331552056e-01 -2.765619550671948312e-01 -2.245618177606558685e-01 -1.818589783067686427e-01 -1.213043102454964550e-01 -5.299624298239945519e-01
-1.680588915473920919e-01 -3.733168029053046677e-01 2.409148157071863139e-01 3.131710495479555351e-02 -4.642798988628776269e-01 -1.379067933973716631e-01
-2.025936314921813752e-01 -4.746172697663045836e-01 -1.404627021721012170e-01 3.445177002579711267e-01 3.292871219137612493e-01 2.731754277938525655e-01
-5.764085639563069213e-02 -9.923766391316826696e-02 3.016324915713258226e-01 -3.808350311272725164e-01 4.667836581331641366e-02 -3.708571919383804594e-01
-5.073025432158417836e-01 -8.950821100380265127e-01 1.104076890863980170e-01 -2.356098903363883501e-01 -1.213971274220488478e-01 -7.698013000891176794e-02
-3.550929350384853245e-01 -3.247412362175106093e-01 -5.751820439585697553e-01 1.294196158842236544e-01 -4.282488360973139008e-01 3.383883234701176579e-01
-1.583587765329284025e-01 -3.079069641108048705e-01 1.396379509762072368e-01 3.090430776689057080e-01 3.269676373257730528e-01 -2.810824554838467493e-01
-3.914371437118374653e-01 -5.672779811616299739e-01 -3.241572654543641296e-01 -5.142567877613131166e-01 2.301665205050754393e-01 -1.173108364288604974e-02
-2.943574047698838125e-01 -3.326692687259725778e-01 4.863203410489110867e-01 -7.366751593671332088e-02 -4.941508712112856368e-03 3.380390876975747361e-01
-4.031760296459004356e-01 -5.295869139566287132e-01 1.537961510530123053e-02 2.098335334939454566e-01 -3.273150595257124373e-01 -3.175036437984155024e-01
-5.558525714770749110e-02 -2.432840147642911094e-02 -1.604574337206741141e-01 3.115338966011162447e-01 4.756347506714375672e-01 7.047814491990250785e-02
-3.085851484622952889e-01 -3.259775920003001315e-01 1.430848067789910472e-01 -2.056682467784259616e-01 2.277677509850245530e-01 4.104076761305766596e-01
-1.058931829106280142e+00 -1.172535713557474768e+00 -1.071930411363642310e+00 -8.215972825748710934e-03 1.592432550182818762e-01 -5.513994723425176270e-01
-3.789263880588519262e-01 -3.424412251513546668e-01 3.872171639433352741e-01 3.027449261856133833e-01 -2.162258724623274397e-01 9.022454979795759000e-02
-1.321610857840783970e-01 -3.011510829628745792e-02 -5.173655526877374289e-02 -1.829971485182700641e-01 -2.820616837081487138e-01 4.662564615652721178e-01
-1.016627439985303971e-01 -1.020610745074822384e-01 6.259358549871019139e-01 -2.340787122171154033e-01 3.066067699285366377e-01 -8.927230016266998747e-02
-7.762972898133544408e-01 -6.299911476839971103e-01 2.004959903808117005e-01 9.230155811615625705e-02 1.162788174970524890e-01 1.837201077166804031e-01
-2.696081524472565549e-01 -2.070016454722336530e-01 -2.698644065911591228e-01 2.698583934361803438e-01 -1.081565730685409288e-01 -4.974937607728337485e-01
-2.212895754296993756e-01 -1.856885080732481319e-01 1.438111111421431776e-01 -2.979347262100333071e-01 -4.417547051879348596e-01 -9.433109224040306384e-02
-5.413410458976722905e-01 -3.575038368643548292e-01 -1.993706254415206491e-01 -1.846988231208335218e-01 4.366811555463666616e-01 2.814928886975638367e-01
-2.917122871322959110e-01 -1.748046511757404831e-01 4.674242864132692743e-01 1.692054728085430615e-01 -7.483212150125159202e-03 -3.709149309768036140e-01
-4.484464635181284464e-01 -2.753713121787363938e-01 9.889954933390595129e-03 5.199943570012691696e-01 -9.323135066080963373e-02 -2.608138748946110808e-02
-2.828253506789982219e-01 -7.060356536358269874e-02 -4.242320181234301990e-01 -2.839689651809325088e-01 -3.608567796509912773e-01 3.013240376522673403e-01
-5.437266427839106964e-01 -2.617386074858820688e-01 1.142026872690042744e-01 -7.024642142597721517e-02 3.835241234444222158e-01 -2.689882307156118424e-01
-9.156422477367422985e-01 -4.450191128103388460e-01 -5.691616124171215985e-01 4.460062374472375524e-01 2.715288707723501060e-01 -3.453675574282970978e-02
-1.381636471359365403e-01 -7.858843158435378784e-02 1.455351383860265524e-01 4.543628131591199160e-01 -3.029621775683442875e-02 3.218575920640590615e-01
-5.139312570517600154e-01 -1.779206295588691977e-01 -3.160227508250541828e-02 -2.707087294714354275e-01 -3.169506223550969115e-01 -3.137411542359230254e-01
-5.691002210706548603e-02 -2.965109242732035313e-02 -4.584186927732230021e-01 -1.762119014527972760e-02 5.103710553825465679e-01 1.221142633899648666e-01
-3.365332527889632330e-01 -1.181143603509021839e-01 9.654954467046210353e-02 2.127718234707259848e-01 1.935233849531125816e-01 4.513522256381778397e-01
-2.718744716611004586e-01 -6.120035866333032454e-02 -2.484112715078168887e-01 -5.330552677575969289e-01 -6.133768649264657175e-03 -1.892549959055720987e-01
-5.560056017716765719e-01 -1.223719949333768181e-01 3.997601773062888775e-01 -2.149921844273031679e-01 -2.197139983183831191e-01 9.905922701843790368e-02
-9.707921903057893653e-02 -4.815527395584601536e-03 1.975602336472688514e-02 -1.913694807069260539e-02 -3.231462169939022244e-01 -4.740771692105207880e-01
-2.249054314863805082e-01 -1.221061847159745847e-02 4.373082571266798113e-01 4.016296632469199546e-01 2.286269890693854445e-01 -7.383157457613484520e-02
-5.342502196267943093e-01 -7.122969757144709257e-02 6.990425053050444704e-02 -4.493552122840317464e-01 7.182522778686036002e-02 1.623867606040858835e-01
-3.307787833304812741e-01 -8.025999577937160609e-03 -3.919904484125085742e-01 -1.464472340265314254e-01 -1.423308176322791163e-01 -4.990701271126914418e-01
-3.837528244107100694e-01 -6.074006120521940194e-02 1.842143958648216617e-01 1.047438336584407409e-01 -4.823101598389441524e-01 -9.265270244336407113e-02
-2.988080314346753252e-01 6.006944568344067294e-03 -1.169697990977512508e-01 4.088014208712425490e-01 2.875789149992038496e-01 2.449414909154668807e-01
-3.751221618408188130e-01 4.494311644650415133e-02 3.495082446766191731e-01 -3.149541728092684068e-01 -1.273728284773174672e-02 -3.187333793125686765e-01
-9.649302712268293947e-01 2.903486588042556230e-02 -2.468384423741519854e-02 -5.974992729152429904e-02 -1.083980837103896144e-01 -7.434499843265769681e-02
-3.004302523277733727e-01 4.714006951290029140e-02 -4.369180834534960867e-01 1.602275796713782119e-01 -3.777421388315865824e-01 3.204376287356791586e-01
-1.287578641977497607e-01 4.014575065890252370e-02 4.060567826403467528e-02 4.402121346810648483e-01 2.974609518470283098e-01 -2.037845674049565126e-01
-6.790103450431076437e-01 6.794994918402695594e-02 -4.916095924266319361e-01 -3.760954714273230803e-01 1.991426422860254342e-01 3.461893155138439510e-02
-4.804333846726236423e-01 6.979873793597340947e-02 4.055269700052795967e-01 2.868163847694271337e-02 -1.255800047351853486e-02 3.637131142376207604e-01
-5.172043544516434777e-01 8.853035584035730265e-02 -1.004688658356833186e-01 2.924347091901680629e-01 -3.181042571519981932e-01 -2.248873874250396365e-01
-1.208403064695026952e-01 2.849577664108786726e-02 2.479934965153961779e-01 -2.744409206450563188e-01 4.601541478134256180e-01 1.088754326286293095e-01
-3.489753646735258563e-01 9.304326354252104303e-02 2.556442397511641401e-02 -9.998361209796310933e-02 1.851375993560180622e-01 4.820356426895686663e-01
-6.835234186458255534e-01 1.758059411821492335e-01 -7.257003855494644773e-01 1.636182774876386858e-01 -2.404154887466796939e-02 -2.171661717293288107e-01
-3.928436117904876568e-01 1.217409304315928004e-01 2.328075850433434235e-01 3.936523272789925199e-01 -2.167535619993493368e-01 1.412810193493836408e-01
-1.737284734683030019e-01 1.219438468659404112e-02 -1.294238677064433463e-01 -1.358716202809802653e-01 3.746179570073597254e-01 -4.063282330522257069e-01
-4.551958582750611493e-01 1.956833461765427606e-01 5.719850602916400906e-01 -1.142228099753351961e-01 2.232913865582482893e-01 -1.922359626586647371e-02
-6.549973936650550499e-01 3.031630998258256215e-01 4.023434377417429986e-03 2.291922129975202949e-01 7.737007399360423809e-02 1.857616234066673255e-01
-1.350665737093216523e-01 6.539654723583022966e-02 -2.568108326219727955e-01 3.918492272168498380e-01 -1.507472298421588808e-01 -3.613751540700117504e-01
-3.092450466291216671e-01 1.331797441613538358e-01 1.089356833716467049e-01 -2.068570889128344137e-01 -4.730010250168637520e-01 -7.033071598227462473e-02
-4.034987727050456385e-01 2.561826138283652132e-01 -2.583872419499224082e-01 -3.101767523314761382e-02 3.358061602281668390e-01 3.153341441717685267e-01
-3.941551942474911252e-01 2.571705891240828046e-01 3.847502837081753224e-01 2.677520852182540545e-01 1.726056450520290636e-02 -2.946381296045821330e-01
-1.788387195783220085e-01 1.394037058016149300e-01 -4.196223203281068681e-02 -5.398441424806592615e-01 -1.281261177351112335e-01 -9.111475949761238795e-04
-2.948909162269143860e-03 5.129306485768589385e-02 4.603511322625170599e-01 -1.623907906969807025e-01 -3.641898938860951840e-01 3.319267216042066648e-01
-4.859525187370689614e-01 3.257558970015878019e-01 4.670647217299440240e-02 8.416916562581300276e-02 3.408210470069279463e-01 -2.000311053204306133e-01
-3.792901522477644116e-01 2.962158663512124424e-01 -3.599649945960211594e-01 4.027556464551538817e-01 1.449794728667023191e-01 4.718383377730803879e-02
-2.257332404130656944e-01 2.155169559799030576e-01 1.654267068583523681e-01 -3.659284660711920600e-01 -8.129149393698975601e-02 3.666768402763736501e-01
-3.750360841528250222e-01 3.519517153808977006e-01 -1.891019035075942878e-01 -1.608549687011763540e-01 -3.411050894234849418e-01 -2.201575887729088910e-01
-1.896676128186357835e-01 1.642089946322645710e-01 3.667271352310845223e-01 9.572228461821057077e-02 4.663381529833257599e-01 1.655186100148811068e-01
-1.082949820987799960e-01 1.163786261415067774e-01 -3.200275869346271007e-02 1.868079164126527636e-01 1.285287023115659621e-01 5.185208580389396582e-01
-2.092680741758127239e-01 2.295490428349388490e-01 -4.749862061334904628e-01 -4.304865664799111813e-01 -8.702576047570850792e-02 -1.176934532957398666e-01
-3.968187124264175858e-01 4.934999747738974540e-01 2.973296295589946681e-01 -9.794926562537595305e-02 -2.682539794125861077e-01 1.815132564284880068e-01
-2.051085350150457787e-01 1.877487057805528048e-01 -1.654519189882684982e-01 1.045652537472887000e-01 3.889924947914800146e-01 -3.525728151863766202e-01
-1.527765485599934803e-01 1.980867729444616976e-01 2.390099984337409889e-01 4.808965391890131502e-01 2.232473567287180383e-01 -7.650527072383465910e-02
-3.162678173280670801e-01 4.912194168574047226e-01 -9.334646162199276842e-02 -2.974707616850184033e-01 -2.236958868306494069e-02 2.653983340136686908e-01
-6.069945797567836976e-02 1.470856516824100013e-01 -5.414055507319731619e-01 -4.901106874066277902e-02 -2.583202225003385366e-01 -3.734832284317887163e-01
-1.556926372359662136e-01 2.577807176047328119e-01 3.266692379147727310e-02 1.658917377033568841e-01 -5.127067619920854247e-01 9.613236165480583059e-03
-9.022762322602551066e-02 1.797437195873687332e-01 -1.831630579351373467e-01 -3.918571783414834253e-01 2.395305627238173696e-01 2.947359037296403139e-01
-2.798796004059556086e-01 4.673192882386282276e-01 4.150341064129187685e-01 -2.392523857363668682e-01 -2.723751616338919782e-02 -3.183691522015587028e-01
-2.968375973175409466e-01 6.559645890651500943e-01 -2.162322536545247809e-01 8.167509838128174382e-02 -1.977740944637655374e-01 9.149768205427799561e-02
-1.492011647612686773e-02 1.492573780573786535e-01 3.282984822861707563e-01 2.436986583545403540e-01 -3.500105337505177161e-01 3.492402630062692581e-01
-1.779043202351462960e-01 3.469021587684636421e-01 3.692680153074717753e-02 -3.700062915601081692e-01 3.021546385385903144e-01 -1.884712791184603720e-01
-1.715963257059091862e-01 4.674764739041226691e-01 -5.514261087671348260e-01 -1.880341260508256451e-01 5.961685444176813981e-02 1.711173127636545499e-01
-1.224279327677094686e-01 4.477077814896162078e-01 1.897899443101216110e-01 1.188562947839924694e-01 -1.108216205227518375e-01 4.747796245830871453e-01
-6.625169882144085753e-02 3.308379334331676969e-01 -1.707430327901070799e-01 3.507812987093635315e-01 -3.541387240968645878e-01 -1.218245916805365953e-01
-1.058954069371085827e-01 2.348258868253080556e-01 3.064336686556511924e-01 -2.274932155792888655e-01 4.592702973384331644e-01 1.487009549775424044e-01
-1.364026048022067283e-01 3.614568899298883364e-01 -1.174741437899970431e-02 -5.638869875599577391e-02 4.807181478695584688e-03 -5.128513085687367301e-01
-4.866692366458006541e-02 3.146270814637806557e-01 -6.558655952638013931e-01 2.659993427660511389e-01 -1.093599277082678844e-01 -1.009783298717254058e-01
-2.182312533720987338e-02 2.073345548436293373e-01 5.561379112351719917e-02 4.627266658235014152e-01 -2.546864857452073028e-01 2.019009871723879690e-01
-6.794402551589373562e-02 2.294867759153502440e-01 -1.811647307643924065e-01 -1.232998707136329641e-01 3.980710832097891227e-01 -3.386494396594059153e-01
-1.222444808748604506e-01 7.740781637330946818e-01 6.839888771355329133e-01 6.582222636036941243e-02 2.823945467772537299e-01 -7.527940891464748874e-02
-4.378096933042764649e-02 6.138718509186513739e-01 -1.289325592940639142e-01 2.987218589448788486e-01 -2.877610653470071347e-02 2.793166372300314171e-01
-4.919856830979423001e-02 1.154205498959764709e-01 3.044755208789234890e-01 -3.876105252782161004e-01 -1.655000017982217186e-01 -3.526755787534121001e-01
-2.271664198326943038e-03 3.283343930405938083e-01 -1.503932559858462206e-02 -7.975816993806315869e-02 -5.373724737949312491e-01 1.754928061720626917e-02

